150,782,597
150,782,639
150,782,662
150,782,647
147,470,534
147,470,455
147,470,449
147,470,422
147,470,380
147,470,316
147,470,250
147,470,251
147,470,315
147,470,427
147,470,514
147,470,570
150,284,585
150,284,503
150,284,384
150,284,257
150,284,179
150,284,236
150,284,373
150,284,536
150,284,599
150,284,577
150,284,512
150,284,458
150,284,414
150,284,390
150,284,368
150,284,393
150,284,440
150,284,480
150,284,513
150,284,530
150,284,511
150,284,506
145,500,540
145,500,549
145,500,563
145,500,543
145,500,513
145,500,490
145,500,479
145,500,518
145,500,596
145,500,670
145,500,702
145,500,728
145,500,736
145,500,745
148,302,715
148,302,720
148,302,671
148,302,475
148,302,70
148,302,0
148,302,0
148,302,0
148,302,0
148,302,0
148,302,0
148,302,0
148,302,0
148,302,0
148,302,0
148,302,0
148,302,0
148,302,0
148,302,0
148,302,0
148,302,0
148,302,0
148,302,0
148,302,0
148,302,0
148,302,0
148,302,0
148,302,0
148,302,0
148,302,0
148,302,0
148,302,0
148,302,0
148,302,0
148,302,0
148,302,0
148,302,0
148,302,0
148,302,0
148,302,0
148,302,0
148,302,0
148,302,0
148,302,0
148,302,0
148,302,0
148,302,0
148,302,0
148,302,0
148,302,0
148,302,0
148,302,0
148,302,0
148,302,0
148,302,0
148,302,0
148,302,0
148,302,0
148,302,0
148,302,0
148,302,0
148,302,0
148,302,0
148,302,0
148,302,0
148,302,0
148,302,0
148,302,0
148,302,0
148,302,0
148,302,0
148,302,0
148,302,0
148,302,0
148,302,0
148,302,0
148,302,0
148,302,0
148,302,0
148,302,0
148,302,0
148,302,0
148,302,0
148,302,0
148,302,0
148,302,0
148,302,0
148,302,0
0,600,0
0,600,0
0,600,0
0,600,0
0,600,0
0,600,0
0,600,0
0,600,0
0,600,0
0,600,0
0,600,0
0,600,0
0,600,0
0,600,0
0,600,0
0,600,0
0,600,0
0,600,0
0,600,0
0,600,0
0,600,0
0,600,0
0,600,0
0,600,0
0,600,0
0,600,0
0,600,0
0,600,0
0,600,0
0,600,0
0,600,0
0,600,0
0,600,0
0,600,0
0,600,0
0,600,0
0,600,0
0,600,0
0,600,0
0,600,0
0,600,0
0,600,0
0,600,0
0,600,0
0,600,0
0,600,0
0,600,0
0,600,0
0,600,0
0,600,0
0,600,0
0,600,0
0,600,0
0,600,0
0,600,0
0,600,0
0,600,0
0,600,0
0,600,0
0,600,0
0,600,0
0,600,0
0,600,0
0,600,0
0,600,0
0,600,0
0,600,0
0,600,0
0,600,0
0,600,0
0,600,0
0,600,0
0,600,0
0,600,0
0,600,0
0,600,0
0,600,0
0,600,0
0,600,0
0,600,0
0,600,0
0,600,0
0,600,0
0,600,0
0,600,0
0,600,0
0,600,0
0,600,0
0,600,0
0,600,0
0,600,0
0,600,0
0,600,0
0,600,0
0,600,0
0,600,0
0,600,0
0,600,0
0,600,0
0,600,0
0,600,0
0,600,0
0,600,0
0,600,0
0,600,0
0,600,0
0,600,0
0,600,0
0,600,0
0,600,0
0,600,0
0,600,0
0,600,0
0,600,0
0,600,0
0,600,0
0,600,0
0,600,0
0,412,581
0,412,584
0,412,587
0,412,577
0,412,576
0,412,580
0,412,583
0,412,596
0,412,617
0,412,633
0,412,635
0,412,624
0,412,611
0,412,592
0,412,529
0,412,459
0,412,419
0,412,387
0,412,348
0,412,329
0,412,336
0,412,365
0,412,382
0,412,388
0,412,401
0,412,427
0,412,458
0,412,485
0,412,494
0,412,507
0,412,521
0,412,542
0,412,567
0,412,585
0,412,597
0,412,600
0,412,609
0,412,608
0,412,597
0,412,592
0,412,591
0,412,593
0,412,581
0,412,578
0,412,582
0,412,585
0,412,579
0,412,578
0,412,584
0,412,588
0,412,583
0,412,581
0,412,583
0,412,585
0,412,579
0,412,577
0,412,580
0,412,583
0,412,575
0,412,574
0,412,576
0,412,575
0,412,574
0,412,570
0,412,569
0,412,580
0,412,570
0,412,566
0,412,573
0,412,574
0,412,571
0,412,565
0,412,567
0,412,568
0,412,558
0,412,552
0,412,557
0,412,559
0,412,561
0,412,555
0,412,563
0,412,565
0,412,568
0,412,562
0,412,565
0,412,566
0,412,565
0,412,559
0,412,560
0,412,564
0,412,563
0,412,557
0,412,557
0,412,565
0,412,561
0,412,561
0,412,561
0,412,564
0,412,571
0,412,565
0,412,568
0,412,566
0,412,569
0,412,565
0,412,562
0,412,568
0,412,568
0,412,560
0,412,561
0,412,565
0,412,566
0,412,560
0,412,558
0,600,565
0,600,569
0,600,566
0,600,563
0,600,564
0,600,569
0,600,566
0,600,562
0,600,569
0,600,567
0,600,567
0,600,560
0,600,566
0,600,571
0,600,564
0,600,562
0,362,564
0,362,559
0,362,564
0,362,568
0,362,562
0,362,558
0,362,563
0,362,565
0,362,569
0,362,558
0,362,564
0,362,570
0,362,573
0,362,569
0,362,579
0,362,583
0,362,587
0,362,581
0,362,578
0,362,583
0,362,577
0,362,572
0,362,576
0,362,579
0,362,582
0,362,576
0,362,575
0,362,578
0,362,576
0,362,573
0,362,570
0,362,573
0,362,575
0,362,573
0,362,568
0,362,574
0,362,573
0,362,565
0,362,566
0,362,567
0,362,572
0,362,565
0,362,561
0,362,566
0,362,571
0,362,571
0,362,567
0,362,571
0,362,571
0,362,570
0,362,563
0,362,568
0,362,570
0,362,568
0,362,567
0,362,567
0,362,570
0,362,570
0,362,560
0,362,563
0,362,560
31,1880,545
31,1880,529
31,1880,531
31,1880,531
31,1880,538
31,1880,550
31,1880,576
31,1880,687
31,1880,689
31,1880,683
31,1880,681
31,1880,687
31,1880,695
31,1880,657
31,1880,538
31,1880,345
31,1880,197
31,1880,148
31,1880,160
31,1880,209
31,1880,317
31,1880,444
31,1880,569
31,1880,655
31,1880,684
31,1880,677
31,1880,638
31,1880,577
31,1880,563
31,1880,566
31,1880,576
31,1880,588
31,1880,599
31,1880,609
31,1880,618
31,1880,625
31,1880,624
31,1880,616
31,1880,603
31,1880,591
31,1880,581
31,1880,573
31,1880,569
31,1880,569
31,1880,570
31,1880,569
31,1880,567
31,1880,565
31,1880,561
31,1880,559
31,1880,563
31,1880,570
31,1880,576
33,1130,572
33,1130,575
33,1130,574
33,1130,572
33,1130,569
33,1130,566
33,1130,565
33,1130,563
33,1130,565
33,1130,568
33,1130,572
33,1130,573
33,1130,575
33,1130,576
33,1130,576
33,1130,565
33,1130,565
33,1130,566
33,1130,568
33,1130,573
33,1130,576
33,1130,581
33,1130,585
33,1130,584
33,1130,580
33,1130,574
33,1130,567
33,1130,561
33,1130,554
33,1130,551
33,1130,549
33,1130,545
33,1130,542
33,1130,542
33,1130,540
33,1130,540
33,1130,540
33,1130,541
33,1130,542
33,1130,540
33,1130,538
33,1130,540
33,1130,542
33,1130,543
33,1130,545
33,1130,549
33,1130,552
33,1130,556
33,1130,558
33,1130,560
33,1130,561
33,1130,560
33,1130,560
33,1130,566
33,1130,572
33,1130,575
33,1130,578
33,1130,578
33,1130,575
33,1130,571
33,1130,567
33,1130,562
33,1130,554
33,1130,545
33,1130,539
33,1130,537
33,1130,538
33,1130,540
33,1130,544
33,1130,545
33,1130,543
33,1130,540
33,1130,539
33,1130,537
33,1130,535
33,1130,534
33,1130,534
33,1130,536
33,1130,538
33,1130,538
33,1130,542
33,1130,544
33,1130,547
33,1130,552
33,1130,555
33,1130,558
33,1130,560
33,1130,563
0,600,570
0,600,579
0,600,589
0,600,600
0,600,608
0,600,609
0,600,606
0,600,598
0,600,590
0,600,579
0,600,567
0,600,550
0,600,532
0,600,511
0,600,495
0,600,479
0,600,467
0,600,451
0,600,432
0,600,407
0,600,399
0,600,400
0,600,399
0,600,406
0,600,428
0,600,446
0,600,459
0,600,469
0,600,472
0,600,469
0,600,470
0,600,475
0,600,482
0,600,491
0,600,505
0,600,518
0,600,530
0,600,539
0,600,546
0,822,553
0,822,558
0,822,559
0,822,562
0,822,564
0,822,566
0,822,566
0,822,568
0,822,569
0,822,569
0,822,568
0,822,567
0,822,565
0,822,564
0,822,562
0,822,561
0,822,559
116,516,521
116,510,528
116,510,538
116,510,537
116,510,521
116,510,509
116,510,507
116,510,513
116,510,513
116,510,522
116,510,539
116,510,558
116,510,582
116,510,613
116,510,636
121,308,637
121,308,616
121,308,607
121,308,595
121,308,578
121,308,554
121,308,531
121,308,511
121,308,493
121,308,478
121,308,473
121,308,475
121,308,484
121,308,493
121,308,505
121,308,514
121,308,526
121,308,540
121,308,558
121,308,570
121,308,571
121,308,563
121,308,553
121,308,539
121,308,530
121,308,525
121,308,523
121,308,520
121,308,516
121,308,510
121,308,511
121,308,519
121,308,532
121,308,546
121,308,551
121,308,545
121,308,541
121,308,538
121,308,530
121,308,516
121,308,506
121,308,497
121,308,490
121,308,485
121,308,496
121,308,521
121,308,553
110,1014,579
110,1014,687
110,1014,804
110,1014,961
110,1014,970
110,1014,970
110,1014,970
110,1014,970
110,1014,969
110,1014,970
110,1014,970
110,1014,970
110,1014,969
110,1014,970
110,1014,601
110,1014,221
110,1014,45
110,1014,16
110,1014,69
110,1014,165
110,1014,265
110,1014,341
110,1014,382
110,1014,404
110,1014,413
110,1014,414
110,1014,409
110,1014,405
110,1014,404
110,1014,408
110,1014,418
110,1014,439
110,1014,467
110,1014,512
110,1014,560
110,1014,593
110,1014,607
110,1014,593
110,1014,561
110,1014,518
110,1014,481
110,1014,450
110,1014,435
110,1014,429
110,1014,432
110,1014,441
110,1014,457
110,1014,476
110,1014,501
110,1014,525
110,1014,543
110,1014,545
110,1014,537
110,1014,523
110,1014,508
110,1014,494
110,1014,480
110,1014,467
110,1014,459
110,1014,457
110,1014,457
110,1014,458
110,1014,460
110,1014,465
110,1014,471
110,1014,476
110,1014,478
110,1014,527
110,1014,531
110,1014,533
110,1014,538
110,1014,535
110,1014,534
110,1014,533
110,1014,526
110,1014,520
110,1014,511
110,1014,500
110,1014,491
110,1014,487
110,1014,486
110,1014,487
110,1014,491
110,1014,497
110,1014,504
110,1014,511
110,1014,515
0,600,510
0,600,507
0,600,499
0,600,494
0,600,492
0,600,485
0,600,480
0,600,481
0,600,478
0,600,476
0,600,471
0,600,475
0,600,489
0,600,506
0,600,513
0,600,523
0,600,530
0,600,529
0,600,522
0,600,520
0,600,518
0,600,516
0,600,509
0,600,508
0,600,511
0,600,513
0,600,518
0,600,525
0,600,532
0,600,538
0,600,538
0,600,536
0,600,533
0,600,523
0,600,503
0,600,487
0,600,472
0,600,463
0,600,452
0,600,444
0,600,445
0,600,435
0,600,420
0,600,412
0,600,399
0,600,392
0,600,398
0,600,414
0,600,433
0,600,457
0,600,472
0,600,485
0,600,495
0,600,498
0,600,491
0,600,489
0,600,491
0,600,491
0,600,482
0,600,483
0,600,487
0,600,486
0,600,484
0,600,486
0,600,488
0,600,490
0,600,488
0,600,490
0,600,493
0,600,494
0,600,491
0,600,492
0,600,495
0,600,496
0,600,493
0,600,492
0,600,495
0,600,497
0,600,497
0,600,492
0,600,493
0,600,497
0,600,496
0,600,497
0,600,501
0,600,500
0,600,499
0,600,499
0,600,498
0,600,501
0,600,496
0,600,495
0,600,496
0,600,499
0,600,498
0,600,495
0,600,499
0,600,503
0,600,504
0,600,504
0,600,505
0,600,509
0,600,509
0,600,510
0,600,512
0,600,513
0,600,514
0,600,508
0,600,509
0,600,502
0,600,503
0,600,508
0,600,506
0,600,509
0,600,508
0,600,514
0,600,515
0,600,511
0,600,510
0,600,511
0,600,512
0,600,510
0,600,509
0,600,515
0,600,514
0,600,510
0,600,512
0,600,510
0,600,510
0,600,510
0,600,510
0,600,510
0,600,512
0,600,508
0,600,508
0,600,510
0,600,511
0,600,506
0,600,504
0,600,508
0,600,511
0,600,507
0,600,508
0,600,508
0,600,513
0,600,510
0,600,510
0,600,514
0,600,513
0,600,508
0,600,509
0,600,510
0,600,512
0,600,508
0,600,509
0,600,511
0,600,513
0,600,511
0,600,508
0,600,509
0,600,512
0,600,515
0,600,511
0,600,512
0,600,512
0,600,511
0,600,509
0,600,512
0,600,511
0,600,509
0,600,507
0,600,510
0,600,512
0,600,511
0,600,507
0,600,512
0,600,512
0,600,510
0,600,510
0,600,511
0,600,512
0,600,512
0,600,509
0,600,514
0,600,515
0,600,513
0,600,509
0,600,511
0,600,515
0,600,510
0,600,505
0,600,508
0,600,509
0,600,507
0,600,509
0,600,509
0,600,509
0,600,511
0,600,506
0,600,510
0,600,512
0,600,510
0,600,508
0,600,510
0,600,511
0,600,511
0,600,513
0,600,511
0,600,513
0,600,514
0,600,507
0,600,510
0,600,510
0,600,511
0,600,508
0,600,509
0,600,510
0,600,513
0,600,514
0,600,510
0,600,516
0,600,515
0,600,512
0,600,511
0,600,507
0,600,513
0,600,510
0,600,509
0,600,511
0,600,513
0,600,509
0,600,509
0,600,510
0,600,512
0,600,510
0,600,508
0,600,508
0,600,510
0,600,510
0,600,510
0,600,510
0,600,508
0,600,508
0,600,510
0,600,508
0,600,508
0,600,511
0,600,512
0,600,511
0,600,507
0,600,511
0,600,511
0,600,510
0,600,509
0,600,509
0,600,511
0,600,512
0,600,509
0,600,511
0,600,512
0,600,512
0,600,511
0,600,512
0,600,514
0,600,512
0,600,510
0,600,513
0,600,517
0,600,516
0,600,514
0,600,515
0,600,520
0,600,522
0,600,526
0,600,534
0,600,547
0,2018,553
0,2018,551
0,2018,548
0,2018,548
0,2018,538
0,2018,525
0,2018,513
0,2018,515
0,2018,509
0,2018,492
0,2018,484
0,2018,475
0,2018,464
0,2018,452
0,2018,451
0,2018,457
0,2018,473
0,2018,494
0,2018,526
0,2018,590
0,2018,892
0,2018,970
0,2018,972
0,2018,974
0,2018,975
0,2018,975
0,2018,976
0,2018,976
0,2018,977
0,2018,978
0,2018,979
0,2018,979
0,2018,980
0,2018,979
0,2018,979
0,2018,979
0,2018,980
0,2018,980
0,2018,980
0,2018,980
0,2018,980
0,2018,980
0,2018,980
0,2018,980
0,2018,980
0,2018,980
0,2018,980
0,2018,980
0,2018,980
0,2018,980
0,2018,980
0,2018,980
0,2018,980
0,2018,980
0,2018,980
0,2018,980
0,2018,980
0,2018,979
49,1210,979
49,1210,978
49,1210,973
49,1210,969
49,1210,970
49,1210,970
49,1210,970
49,1210,969
49,1210,0
49,1210,0
49,1210,0
49,1210,0
49,1210,0
49,1210,0
49,1210,0
49,1210,0
49,1210,0
49,1210,0
49,1210,0
49,1210,0
49,1210,0
49,1210,0
49,1210,0
49,1210,0
49,1210,0
49,1210,0
49,1210,0
49,1210,0
49,1210,0
49,1210,0
49,1210,0
49,1210,0
49,1210,0
49,1268,617
49,1268,589
49,1268,575
49,1268,551
49,1268,535
49,1268,524
49,1268,514
49,1268,499
49,1268,493
49,1268,494
49,1268,501
49,1268,499
49,1268,497
49,1268,499
49,1268,498
49,1268,487
49,1268,485
49,1268,490
49,1268,496
49,1268,497
49,1268,499
49,1268,501
49,1268,503
49,1268,498
49,1268,495
49,1268,497
49,1268,492
49,1268,485
49,1268,486
49,1268,483
49,1268,477
49,1268,462
51,760,436
51,760,427
51,760,408
51,760,388
51,760,370
51,760,358
51,760,347
51,760,341
51,760,337
51,760,354
51,760,548
51,760,953
51,760,812
51,760,973
51,760,977
51,760,977
51,760,978
51,760,979
51,760,979
51,760,979
54,458,979
54,458,980
54,458,979
54,458,979
54,458,977
54,458,977
54,458,972
54,458,971
54,458,969
54,458,970
54,458,970
54,458,970
54,458,970
54,458,968
54,458,0
54,458,0
54,458,0
54,458,0
54,458,0
54,458,0
54,458,0
54,458,0
54,458,0
54,458,0
54,458,0
54,458,0
54,458,0
54,458,0
54,458,0
54,458,0
54,458,0
54,458,0
54,458,0
54,458,0
54,458,133
54,458,412
54,458,603
54,458,708
56,816,718
56,816,648
56,816,593
56,816,544
56,816,501
56,816,477
56,816,469
56,816,470
56,816,486
56,816,502
56,816,505
56,816,497
56,816,495
56,816,503
56,816,507
56,816,511
56,816,510
56,816,509
56,816,513
56,816,525
56,816,533
56,816,537
60,490,518
60,490,518
60,490,519
60,490,517
60,490,499
60,490,475
60,490,462
60,490,459
60,490,470
60,490,482
60,490,501
60,490,525
60,490,546
60,490,564
60,490,590
60,490,603
60,490,612
60,490,518
60,490,515
60,490,513
60,490,514
60,490,511
60,490,510
60,490,512
60,490,515
60,490,524
60,490,531
60,490,535
60,490,545
60,490,548
60,490,548
60,490,543
60,490,537
60,490,529
60,490,523
60,490,519
60,490,519
60,490,518
60,490,518
60,490,519
60,490,525
60,490,527
60,490,523
60,490,524
60,490,523
60,490,517
60,490,507
60,490,497
60,490,495
60,490,497
60,490,500
60,490,503
60,490,499
60,490,495
60,490,493
60,490,496
60,490,500
60,490,501
60,490,497
60,490,494
60,490,498
60,490,501
60,490,503
60,490,501
60,490,497
60,490,496
60,490,494
60,490,495
60,490,499
60,490,499
60,490,497
60,490,490
60,490,486
60,490,483
60,490,482
60,490,482
60,490,483
60,490,491
60,490,493
60,490,494
60,490,496
60,490,497
60,490,496
60,490,493
60,490,496
60,490,497
60,490,497
60,490,496
0,600,495
0,600,493
0,600,486
0,600,470
0,600,455
0,600,445
0,600,449
0,600,455
0,600,469
0,600,483
0,600,495
0,600,505
0,600,511
0,600,517
0,600,519
0,600,518
0,600,517
0,600,519
0,600,518
0,600,513
0,600,508
0,600,509
0,600,508
0,600,508
0,600,514
0,600,520
0,600,523
0,600,525
0,600,523
0,600,520
0,600,515
0,600,505
0,600,498
0,600,501
0,600,507
0,600,510
0,600,515
0,600,517
0,600,521
0,600,517
0,600,518
0,600,517
0,600,516
0,600,513
0,600,513
0,600,515
0,600,518
0,600,519
0,600,521
0,600,523
0,600,526
0,600,523
0,600,520
0,600,518
0,600,517
0,600,510
0,600,503
0,600,505
0,600,517
0,600,524
0,600,527
0,600,527
0,600,531
0,600,534
0,600,536
0,600,533
0,600,526
0,600,520
0,600,522
0,600,517
0,600,519
0,600,520
0,600,524
0,600,521
0,600,522
0,600,527
0,600,533
0,600,536
0,600,537
0,600,538
0,600,542
0,600,542
0,600,544
0,600,547
0,600,549
0,2390,550
0,2390,551
0,2390,549
0,2390,548
0,2390,540
0,2390,524
0,2390,516
0,2390,514
0,2390,506
0,2390,498
0,2390,497
0,2390,499
0,2390,493
0,2390,484
0,2390,473
0,2390,458
0,2390,445
0,2390,432
0,2390,434
0,2390,446
0,2390,454
0,2390,469
0,2390,489
0,2390,503
0,2390,508
0,2390,509
0,2390,511
0,2390,511
0,2390,513
0,2390,513
0,2390,516
0,2390,519
0,2390,507
0,2390,495
0,2390,484
0,2390,471
0,2390,455
0,2390,442
0,2390,439
0,2390,437
0,2390,437
0,2390,445
0,2390,459
0,2390,474
0,2390,485
0,2390,491
0,2390,501
0,2390,509
0,2390,507
0,2390,506
0,2390,511
0,2390,511
0,2390,508
0,2390,507
0,2390,507
0,2390,509
0,2390,503
0,2390,502
0,2390,505
0,2390,506
0,2390,505
0,2390,503
0,2390,507
0,2390,511
0,2390,510
0,2390,509
0,2390,511
0,2390,513
0,2390,509
0,2390,506
0,2390,508
0,2390,507
0,2390,504
0,2390,502
0,2390,509
0,2390,515
0,2390,510
0,2390,514
0,2390,513
0,2390,513
0,2390,510
0,2390,505
0,2390,508
0,2390,512
0,2390,510
0,2390,509
0,2390,511
0,2390,514
0,2390,512
0,2390,512
0,2390,513
0,2390,515
0,2390,512
0,2390,511
0,2390,514
0,2390,514
0,2390,513
0,2390,509
0,2390,513
0,2390,513
0,2390,512
0,2390,510
0,600,511
0,600,512
0,600,512
0,600,514
0,600,514
0,600,512
0,600,513
0,600,515
0,600,514
0,600,512
0,600,514
0,600,518
0,600,516
0,600,514
0,600,515
0,600,516
0,600,517
0,600,517
0,600,520
0,600,523
0,600,526
0,600,523
0,600,522
0,600,523
0,600,520
0,600,513
0,600,513
0,600,511
0,600,512
0,600,508
0,600,507
0,600,509
0,600,508
0,600,509
0,600,508
0,600,512
0,600,512
0,600,510
0,600,508
0,600,510
0,600,512
0,600,510
0,600,511
0,600,513
0,600,513
0,600,511
0,600,512
0,600,511
0,600,514
0,600,511
0,600,511
0,600,512
0,600,515
0,600,515
0,600,515
0,600,517
0,600,517
0,600,515
0,600,516
0,600,516
0,600,517
0,600,515
0,600,514
0,600,516
0,600,516
0,600,517
0,600,514
0,600,514
0,600,513
0,600,512
0,600,511
0,600,511
0,600,509
0,600,504
0,600,494
0,600,493
0,600,496
0,600,500
0,600,505
0,600,508
0,600,512
0,600,512
0,600,512
0,600,513
0,600,513
0,600,510
0,600,504
0,600,496
0,600,489
0,600,478
0,600,466
0,600,460
0,600,460
0,600,465
0,600,486
0,600,540
0,2258,641
0,2258,969
0,2258,971
0,2258,974
0,2258,975
0,2258,976
0,2258,977
0,2258,978
0,2258,979
0,2258,979
0,2258,980
0,2258,980
0,2258,980
0,2258,979
0,2258,980
0,2258,979
0,2258,979
0,2258,980
0,2258,979
0,2258,979
0,2258,980
0,2258,979
0,2258,980
0,2258,979
0,2258,979
0,2258,979
0,2258,979
0,2258,978
0,2258,977
0,2258,971
0,2258,969
0,2258,970
0,2258,970
0,2258,0
0,2258,0
0,2258,0
0,2258,0
0,2258,0
0,2258,0
0,2258,0
0,2258,0
0,2258,0
0,2258,0
0,2258,133
0,2258,356
0,2258,531
0,2258,609
0,2258,626
0,2258,611
0,2258,578
0,2258,541
0,2258,506
0,2258,488
0,2258,479
0,2258,476
0,2258,481
0,2258,490
0,2258,494
0,2258,496
0,2258,508
0,2258,545
0,2258,668
30,1942,939
30,1942,760
30,1942,473
30,1942,270
30,1942,200
30,1942,283
30,1942,536
30,1942,972
30,1942,976
30,1942,979
30,1942,979
30,1942,980
30,1942,980
30,1942,980
30,1942,980
30,1942,980
30,1942,979
30,1942,980
30,1942,979
30,1942,978
30,1942,974
30,1942,969
30,1942,970
30,1942,970
30,1942,970
30,1942,970
30,1942,970
30,1942,970
30,1942,970
30,1942,969
30,1942,58
30,1942,0
30,1942,0
30,1942,0
30,1942,0
30,1942,0
30,1942,0
30,1942,0
30,1942,0
30,1942,0
30,1942,0
30,1942,0
30,1942,0
30,1942,0
30,1942,0
30,1942,0
30,1942,0
30,1942,0
30,1942,209
30,1942,425
30,1942,614
30,1942,720
30,1942,753
32,1166,711
32,1166,594
32,1166,533
32,1166,489
32,1166,453
32,1166,434
32,1166,424
32,1166,423
32,1166,429
32,1166,441
32,1166,450
32,1166,456
32,1166,460
32,1166,463
32,1166,463
32,1166,463
32,1166,463
32,1166,464
32,1166,462
32,1166,459
32,1166,459
32,1166,462
32,1166,468
32,1166,476
32,1166,482
32,1166,485
32,1166,486
32,1166,493
32,1166,523
32,1166,570
32,1166,629
32,1166,670
32,1166,680
32,1166,660
32,1166,621
32,1166,591
32,1166,710
34,792,914
34,792,969
34,792,970
34,792,970
34,792,970
34,792,969
34,792,970
34,792,970
34,792,970
34,792,970
34,792,970
34,792,196
34,792,0
34,792,0
34,792,0
34,792,0
34,792,0
34,792,0
34,792,0
34,792,0
34,792,0
34,792,0
34,792,0
34,792,0
34,792,0
34,792,0
34,792,0
34,792,0
34,792,0
34,792,0
34,792,0
34,792,0
34,792,0
34,792,0
34,792,0
34,792,0
34,792,0
34,792,0
34,792,0
34,792,0
34,792,0
34,792,0
34,792,0
34,792,0
34,792,0
34,792,0
34,792,0
34,792,0
34,792,0
34,792,0
34,792,86
34,792,288
34,792,435
34,792,514
34,792,536
34,792,522
34,792,492
34,792,464
34,792,466
34,792,487
34,792,505
34,792,516
34,792,512
34,792,500
34,792,481
34,792,465
34,792,454
34,792,448
34,792,444
34,792,443
34,792,446
34,792,449
34,792,456
34,792,463
34,792,468
34,792,472
34,792,471
34,792,471
34,792,472
34,792,471
34,792,467
34,792,465
34,792,465
34,792,465
34,792,465
34,792,468
34,792,471
0,600,471
0,600,474
0,600,490
0,600,520
0,600,547
0,600,563
0,600,565
0,600,554
0,600,536
0,600,516
0,600,500
0,600,491
0,600,484
0,600,481
0,600,483
0,600,491
0,600,500
0,600,507
0,600,512
0,600,515
0,600,513
0,600,505
0,600,493
0,600,479
0,600,458
0,600,426
0,600,396
0,600,379
0,600,368
0,600,355
0,600,348
0,600,347
0,600,362
0,600,395
0,600,469
0,728,580
0,728,816
0,728,969
0,728,970
0,728,973
0,728,975
0,728,977
0,728,978
0,728,979
0,728,979
0,728,980
0,728,980
0,728,980
0,728,980
0,728,978
0,728,976
0,728,972
0,728,0
0,728,0
0,728,90
0,728,328
0,728,501
0,728,611
0,728,645
0,728,643
0,728,621
0,728,585
0,728,540
0,728,478
0,728,405
0,728,320
0,728,216
0,728,116
0,728,54
0,728,61
0,728,130
0,728,248
0,728,370
0,728,472
0,728,546
0,728,583
0,728,595
0,728,590
0,728,572
0,728,551
0,728,531
0,728,517
0,728,507
0,728,502
0,728,498
0,728,496
0,728,494
0,728,497
0,728,499
0,728,501
0,728,498
0,728,483
0,728,465
0,728,451
0,728,451
0,728,464
0,728,479
0,728,487
0,728,487
0,728,482
0,728,474
0,728,479
0,728,495
0,728,511
0,728,524
0,728,534
0,728,538
0,728,536
0,728,532
0,728,526
0,728,521
0,728,515
0,728,507
0,728,501
0,728,499
0,728,494
0,728,491
0,728,489
0,728,488
0,728,487
0,728,488
0,728,495
0,728,507
0,728,519
0,600,528
0,600,535
0,600,535
0,600,533
0,600,527
0,600,521
0,600,517
0,600,512
0,600,507
0,600,504
0,600,502
0,600,501
0,600,503
0,600,505
0,600,506
0,600,505
0,600,504
0,600,503
0,600,503
0,600,502
0,600,502
0,600,502
0,600,502
0,600,500
0,600,498
0,600,495
0,600,493
0,600,491
0,600,497
0,600,512
0,600,528
0,600,543
0,600,550
0,600,550
0,600,543
0,600,533
0,600,523
0,600,517
0,600,511
0,600,506
0,600,504
0,600,504
0,600,504
0,600,507
0,600,510
0,600,511
0,600,510
0,600,506
0,600,503
0,600,501
0,600,500
0,600,499
0,600,499
0,600,500
0,600,501
0,600,501
0,600,500
0,600,495
0,600,496
0,600,500
0,600,510
0,600,524
0,600,536
0,600,543
0,600,542
0,600,536
0,600,528
0,600,520
0,600,513
0,600,509
0,600,506
0,600,505
0,600,503
0,600,506
0,600,505
0,600,507
0,600,508
0,600,505
0,600,505
0,600,503
0,600,500
0,600,498
0,600,497
0,600,496
0,600,496
0,600,496
0,600,497
0,600,499
0,600,499
0,600,500
0,600,500
0,600,500
0,600,500
0,600,508
0,600,518
0,600,530
0,600,536
0,600,534
0,600,530
0,600,523
0,600,516
0,600,511
0,600,507
0,600,503
0,600,501
0,600,500
0,600,500
0,600,502
0,600,503
0,600,504
0,600,505
0,600,503
0,600,503
0,600,501
0,600,499
0,600,498
0,600,497
0,600,497
0,600,497
0,600,497
0,600,498
0,600,498
0,600,499
0,600,499
0,600,499
0,600,503
0,600,512
0,600,523
0,600,531
0,600,534
0,600,532
0,600,528
0,600,520
0,600,515
0,600,512
0,600,512
0,600,512
0,600,515
0,600,517
0,600,520
0,600,520
0,600,520
0,600,519
0,600,518
0,600,515
0,600,511
0,600,507
0,600,503
0,600,498
0,600,496
0,600,495
0,600,495
0,600,494
0,600,493
0,600,492
0,600,493
0,600,493
0,600,496
0,600,505
0,600,516
0,600,526
0,600,531
0,600,530
0,600,525
0,600,517
0,600,511
0,600,505
0,600,502
0,600,499
0,600,497
0,600,495
0,600,497
0,600,499
0,600,501
0,600,505
0,600,509
0,600,510
0,600,509
0,600,508
0,600,507
0,600,505
0,600,503
0,600,500
0,600,498
0,600,494
0,600,492
0,600,449
0,600,476
0,600,501
0,600,522
0,600,552
0,600,575
0,600,589
0,600,591
0,600,587
0,600,580
0,600,574
0,362,566
0,362,562
0,362,559
0,362,553
0,362,549
0,362,543
0,362,536
0,362,530
0,362,517
0,362,505
0,362,492
0,362,484
0,362,481
0,362,483
0,362,488
0,362,493
0,362,496
0,362,498
0,362,500
0,362,502
0,362,502
0,362,499
0,362,495
0,362,496
0,362,496
0,362,500
0,362,508
0,362,521
0,362,536
96,620,552
96,620,604
96,620,615
96,620,621
96,620,617
96,620,606
96,620,590
96,620,576
96,620,563
96,620,549
96,620,537
96,620,536
96,620,539
96,620,542
96,620,546
96,620,552
96,620,560
100,374,555
100,374,565
100,374,561
100,374,549
100,374,533
100,374,518
100,374,507
100,374,498
100,374,494
100,374,489
100,374,490
100,374,488
100,374,492
100,374,494
100,374,499
100,374,495
100,374,490
100,374,508
104,400,559
104,400,681
104,400,683
104,400,616
104,400,517
104,400,405
104,400,306
104,400,240
104,400,219
104,400,241
104,400,283
104,400,339
104,400,391
104,400,430
104,400,458
104,400,477
104,400,489
104,400,493
104,400,494
104,400,494
104,400,493
104,400,492
104,400,492
104,400,493
104,400,494
104,400,495
104,400,497
104,400,499
104,400,500
104,400,500
104,400,501
104,400,501
104,400,500
104,400,502
104,400,500
104,400,501
104,400,500
104,400,499
104,400,498
104,400,498
104,400,497
104,400,497
104,400,499
104,400,499
104,400,499
104,400,500
104,400,501
104,400,501
104,400,501
104,400,502
104,400,504
104,400,504
104,400,504
104,400,505
104,400,518
104,400,524
104,400,525
104,400,528
104,400,531
104,400,533
104,400,536
104,400,534
104,400,533
104,400,532
104,400,525
104,400,519
104,400,513
104,400,507
104,400,502
104,400,498
104,400,497
104,400,497
104,400,496
104,400,493
104,400,488
104,400,482
104,400,478
104,400,477
104,400,478
104,400,482
104,400,484
104,400,486
104,400,492
104,400,503
104,400,513
104,400,551
79,2454,675
79,2454,970
79,2454,972
79,2454,976
79,2454,978
79,2454,979
79,2454,980
79,2454,980
79,2454,980
79,2454,979
79,2454,979
79,2454,977
79,2454,977
79,2454,974
79,2454,970
79,2454,971
79,2454,971
79,2454,970
79,2454,970
79,2454,970
79,2454,970
79,2454,970
79,2454,969
79,2454,601
79,2454,0
79,2454,0
79,2454,0
79,2454,0
79,2454,0
79,2454,0
79,2454,0
79,2454,0
79,2454,0
79,2454,0
79,2454,0
79,2454,0
79,2454,0
79,2454,0
79,2454,0
79,2454,0
79,2454,0
79,2454,0
79,2454,0
79,2454,49
79,2454,264
79,2454,458
79,2454,566
79,2454,610
79,2454,606
79,2454,579
79,2454,540
79,2454,503
79,2454,471
79,2454,453
79,2454,447
79,2454,449
79,2454,457
79,2454,470
79,2454,480
79,2454,487
79,2454,489
79,2454,491
79,2454,489
79,2454,486
79,2454,485
79,2454,493
79,2454,508
79,2454,516
79,2454,517
79,2454,511
79,2454,500
79,2454,491
79,2454,489
79,2454,495
79,2454,510
79,2454,536
79,2454,568
79,2454,630
69,1662,971
69,1662,977
69,1662,978
69,1662,978
69,1662,979
69,1662,978
69,1662,976
69,1662,968
69,1662,969
69,1662,970
69,1662,970
69,1662,970
69,1662,969
69,1662,971
69,1662,969
69,1662,970
69,1662,969
69,1662,208
69,1662,0
69,1662,435
69,1662,438
69,1662,459
69,1662,486
69,1662,510
69,1662,520
69,1662,520
69,1662,513
69,1662,501
69,1662,490
69,1662,477
69,1662,463
69,1662,453
69,1662,450
69,1662,448
69,1662,455
69,1662,460
69,1662,465
69,1662,468
69,1662,470
69,1662,474
69,1662,475
69,1662,474
69,1662,472
69,1662,472
69,1662,473
69,1662,472
69,1662,472
69,1662,474
69,1662,477
69,1662,480
69,1662,483
69,1662,487
69,1662,489
69,1662,502
69,1662,527
69,1662,543
69,1662,546
69,1662,537
69,1662,523
69,1662,508
69,1662,495
69,1662,485
69,1662,482
69,1662,485
69,1662,489
69,1662,495
69,1662,497
69,1662,493
69,1662,485
69,1662,472
69,1662,452
69,1662,431
69,1662,416
69,1662,417
69,1662,422
58,2234,973
58,2234,979
58,2234,979
58,2234,979
58,2234,978
58,2234,979
58,2234,976
58,2234,969
58,2234,969
58,2234,970
58,2234,970
58,2234,970
58,2234,970
58,2234,970
58,2234,970
58,2234,970
58,2234,970
58,2234,970
58,2234,970
58,2234,479
58,2234,25
58,2234,0
58,2234,0
58,2234,0
58,2234,0
58,2234,35
58,2234,144
58,2234,249
58,2234,317
58,2234,343
58,2234,334
58,2234,292
58,2234,203
58,2234,128
58,2234,74
58,2234,73
58,2234,111
58,2234,177
58,2234,248
58,2234,306
58,2234,359
58,2234,396
58,2234,424
58,2234,444
58,2234,458
58,2234,465
58,2234,465
58,2234,461
58,2234,456
58,2234,455
58,2234,460
58,2234,467
58,2234,474
58,2234,481
58,2234,490
58,2234,497
58,2234,497
58,2234,493
58,2234,486
58,2234,478
58,2234,472
58,2234,471
58,2234,478
58,2234,483
58,2234,488
58,2234,493
58,2234,498
58,2234,502
58,2234,502
58,2234,498
58,2234,496
58,2234,490
58,2234,485
58,2234,498
58,2234,495
58,2234,495
58,2234,496
58,2234,496
58,2234,499
58,2234,502
58,2234,501
58,2234,500
58,2234,497
58,2234,496
58,2234,497
58,2234,497
58,2234,500
0,600,504
0,600,506
0,600,509
0,600,512
0,600,513
0,600,516
0,600,516
0,600,515
0,600,518
0,600,517
0,600,522
0,600,526
0,600,529
0,600,527
0,600,525
0,600,522
0,600,522
0,600,519
0,600,517
0,600,517
0,600,517
0,600,515
0,600,511
0,600,508
0,600,504
0,600,500
0,600,496
0,600,492
0,600,491
0,600,489
0,600,488
0,600,488
0,600,490
0,600,490
0,600,490
0,600,496
0,600,500
0,600,502
0,600,503
0,600,504
0,600,504
0,600,502
0,600,498
0,600,494
0,600,490
0,600,487
0,600,485
0,600,488
0,600,491
0,600,491
0,600,492
0,600,493
0,600,494
0,600,493
0,600,493
0,600,494
0,600,499
0,600,503
0,600,508
0,600,510
0,600,513
0,600,512
0,600,510
0,600,509
0,600,509
0,600,510
0,600,512
0,600,515
0,600,528
0,1434,560
0,1434,628
0,1434,681
0,1434,665
